0016 3 7 9 8大单大双组六	0418 7 2 7 3大单小单组六	0810 1 3 7 9大单大单组六
0021 9 5 0 6小双大双组六	0428 6 6 3 6小单大双组三	0826 6 4 1 5小单大单组六
0037 5 6 5 1大单小单组六	0435 3 2 8 9大双大单组六	0835 1 2 6 0大双小双组六
0048 9 1 9 5大单大单组六	0448 9 0 1 3小单小单组六	0845 3 7 2 4小双小双组六
0056 7 7 5 9大单大单组六	0452 7 3 4 3小双小单组三	0853 1 1 4 2小双小双组六
0066 1 1 4 2小双小双组六	0465 2 1 8 5大双大单组六	0861 7 9 9 4大单小双组六
0074 7 4 6 9大双大单组六	0479 5 5 8 7大双大单组六	087距离开奖还剩：5分59秒投注
0087 7 2 3 6小单大双组六	0480 3 8 3 3小单小单组三	088
0092 3 4 1 1小单小单组三	0490 5 2 0 4小双小双组六	089
0107 9 4 7 1大单小单组六	0502 8 9 9 5大单大单组三	090
0117 6 8 9 0大单小双组六	0519 1 9 4 0小双小双组六	091
0126 1 1 6 4大双小双组六	0520 9 1 3 6小单大双组六	092
0134 3 2 6 6大双大双组三	0532 3 6 1 9小单大单组六	093
0141 1 4 4 9小双大单组三	0541 3 8 5 8大单大双组三	094
0153 8 8 6 9大双大单组六	0550 0 5 0 9小双大单组六	095
0168 3 9 1 5小单大单组六	0567 0 2 5 8大单大双组六	096
0170 7 7 6 1大双小单组六	0571 3 1 4 6小双大双组六	097
0180 2 3 7 2大单小双组六	0583 8 4 1 0小单小双组六	098
0198 7 9 3 6小单大双组六	0591 9 9 2 1小双小单组六	099
0201 5 2 9 5大单大单组六	0600 3 5 3 9小单大单组六	100
0216 1 0 8 8大双大双组三	0610 8 8 7 3大单小单组六	101
0228 8 9 3 5小单大单组六	0628 1 5 1 6小单大双组六	102
0234 6 6 0 2小双小双组六	0634 9 8 1 5小单大单组六	103
0242 6 9 5 1大单小单组六	0643 5 3 4 4小双小双组三	104
0252 7 7 5 0大单小双组六	0652 1 8 5 0大单小双组六	105
0262 2 5 9 3大单小单组六	0662 1 4 6 4大双小双组三	106
0279 5 0 9 0大单小双组三	0678 1 0 3 8小单大双组六	107
0289 0 3 5 8大单大双组六	0688 2 5 0 3小双小单组六	108
0294 3 4 1 2小单小双组六	0695 2 2 8 6大双大双组六	109
0302 2 7 4 5小双大单组六	0703 8 6 4 1小双小单组六	110
0312 0 7 9 5大单大单组六	0718 9 7 2 8小双大双组六	111
0322 3 7 2 6小双大双组六	0725 4 8 4 5小双大单组六	112
0333 6 4 6 8大双大双组六	0737 3 7 3 0小单小双组六	113
0345 2 6 8 8大双大双组三	0747 3 5 5 3大单小单组三	114
0359 9 2 7 2大单小双组三	0758 7 6 0 8小双大双组六	115
0361 3 9 7 4大单小双组六	0765 3 3 3 8小单大双组三	116
0374 8 1 7 6大单大双组六	0775 2 4 4 6小双大双组三	117
0384 7 7 9 5大单大单组六	0787 8 6 5 5大单大单组三	118
0391 1 7 4 7小双大单组三	0797 1 2 8 5大双大单组六	119
0400 5 9 9 3大单小单组三	0804 1 0 7 1大单小单组六	120